0,273
0,270
3,2
3,1
3,3
10,150
10,153
10,191
10,198
10,258
10,89
10,290
10,1
10,216
10,2
10,3
11,17
11,14
11,23
11,12
11,27
11,21
11,1
11,7
11,2
11,3
9,7
9,1
9,5
9,2
9,3
8,5
8,10
8,16
8,17
8,1
8,15
8,2
8,3
12,2
12,1
12,3
20,2
20,1
20,3
72,4
72,3
19,2
19,1
72,2
72,1
72,0
70,4
70,3
19,3
70,2
70,1
70,0
68,4
68,3
68,2
68,1
68,0
66,5
66,4
66,3
66,2
66,1
66,0
63,4
63,3
63,2
63,1
63,0
61,3
61,2
61,1
61,0
60,3
18,1
60,2
60,1
60,0
59,3
59,2
59,1
18,3
59,0
58,3
14,1
58,2
58,1
58,0
57,3
14,3
13,1
57,2
57,1
57,0
56,3
13,3
56,2
56,1
56,0
55,5
55,4
55,3
55,2
55,1
55,0
54,4
54,3
54,2
